
Accuracy: 45.00%
              precision    recall  f1-score   support

           0     0.0000    0.0000    0.0000        51
           1     0.0000    0.0000    0.0000        72
           2     0.1169    0.9730    0.2087        37
           3     0.9630    0.6842    0.8000        76
           4     0.9231    0.2791    0.4286        43
           5     0.6582    0.7647    0.7075        68
           6     0.9231    0.6667    0.7742        54
           7     1.0000    0.1111    0.2000        36
           8     0.7586    0.6667    0.7097        66
           9     1.0000    0.3247    0.4902        77

    accuracy                         0.4500       580
   macro avg     0.6343    0.4470    0.4319       580
weighted avg     0.6463    0.4500    0.4632       580

tensor(0.0607, grad_fn=<MeanBackward0>)
Accuracy: 76.72%
              precision    recall  f1-score   support

           0     0.8750    0.2745    0.4179        51
           1     0.9310    0.7500    0.8308        72
           2     0.8378    0.8378    0.8378        37
           3     0.9600    0.9474    0.9536        76
           4     0.4286    0.8372    0.5669        43
           5     0.4958    0.8676    0.6310        68
           6     1.0000    0.5185    0.6829        54
           7     1.0000    0.8889    0.9412        36
           8     0.8382    0.8636    0.8507        66
           9     0.9841    0.8052    0.8857        77

    accuracy                         0.7672       580
   macro avg     0.8351    0.7591    0.7599       580
weighted avg     0.8429    0.7672    0.7707       580

tensor(0.0385, grad_fn=<MeanBackward0>)
Accuracy: 86.72%
              precision    recall  f1-score   support

           0     0.7955    0.6863    0.7368        51
           1     0.9296    0.9167    0.9231        72
           2     0.7059    0.9730    0.8182        37
           3     0.9722    0.9211    0.9459        76
           4     0.6596    0.7209    0.6889        43
           5     0.8333    0.8824    0.8571        68
           6     0.8448    0.9074    0.8750        54
           7     1.0000    0.9722    0.9859        36
           8     0.9000    0.8182    0.8571        66
           9     0.9571    0.8701    0.9116        77

    accuracy                         0.8672       580
   macro avg     0.8598    0.8668    0.8600       580
weighted avg     0.8746    0.8672    0.8683       580

tensor(0.0287, grad_fn=<MeanBackward0>)
Accuracy: 89.83%
              precision    recall  f1-score   support

           0     0.7377    0.8824    0.8036        51
           1     0.9067    0.9444    0.9252        72
           2     0.7200    0.9730    0.8276        37
           3     0.9737    0.9737    0.9737        76
           4     0.8286    0.6744    0.7436        43
           5     0.9242    0.8971    0.9104        68
           6     0.9412    0.8889    0.9143        54
           7     1.0000    0.9722    0.9859        36
           8     0.9167    0.8333    0.8730        66
           9     0.9859    0.9091    0.9459        77

    accuracy                         0.8983       580
   macro avg     0.8935    0.8948    0.8903       580
weighted avg     0.9056    0.8983    0.8990       580

tensor(0.0238, grad_fn=<MeanBackward0>)
Accuracy: 89.48%
              precision    recall  f1-score   support

           0     0.7627    0.8824    0.8182        51
           1     0.9041    0.9167    0.9103        72
           2     0.7200    0.9730    0.8276        37
           3     0.9737    0.9737    0.9737        76
           4     0.8286    0.6744    0.7436        43
           5     0.8732    0.9118    0.8921        68
           6     0.9583    0.8519    0.9020        54
           7     1.0000    0.9722    0.9859        36
           8     0.9167    0.8333    0.8730        66
           9     0.9726    0.9221    0.9467        77

    accuracy                         0.8948       580
   macro avg     0.8910    0.8911    0.8873       580
weighted avg     0.9014    0.8948    0.8952       580

tensor(0.0207, grad_fn=<MeanBackward0>)
Accuracy: 89.48%
              precision    recall  f1-score   support

           0     0.7885    0.8039    0.7961        51
           1     0.9041    0.9167    0.9103        72
           2     0.7500    0.9730    0.8471        37
           3     0.9737    0.9737    0.9737        76
           4     0.7500    0.6977    0.7229        43
           5     0.8889    0.9412    0.9143        68
           6     0.9388    0.8519    0.8932        54
           7     1.0000    0.9722    0.9859        36
           8     0.9474    0.8182    0.8780        66
           9     0.9359    0.9481    0.9419        77

    accuracy                         0.8948       580
   macro avg     0.8877    0.8896    0.8863       580
weighted avg     0.8983    0.8948    0.8947       580

tensor(0.0183, grad_fn=<MeanBackward0>)
Accuracy: 91.55%
              precision    recall  f1-score   support

           0     0.8000    0.8627    0.8302        51
           1     0.9315    0.9444    0.9379        72
           2     0.7826    0.9730    0.8675        37
           3     0.9744    1.0000    0.9870        76
           4     0.8286    0.6744    0.7436        43
           5     0.9041    0.9706    0.9362        68
           6     0.9615    0.9259    0.9434        54
           7     1.0000    0.9722    0.9859        36
           8     0.9483    0.8333    0.8871        66
           9     0.9600    0.9351    0.9474        77

    accuracy                         0.9155       580
   macro avg     0.9091    0.9092    0.9066       580
weighted avg     0.9180    0.9155    0.9147       580

tensor(0.0161, grad_fn=<MeanBackward0>)
Accuracy: 91.21%
              precision    recall  f1-score   support

           0     0.8000    0.8627    0.8302        51
           1     0.9189    0.9444    0.9315        72
           2     0.8182    0.9730    0.8889        37
           3     0.9744    1.0000    0.9870        76
           4     0.8286    0.6744    0.7436        43
           5     0.8919    0.9706    0.9296        68
           6     0.9608    0.9074    0.9333        54
           7     1.0000    0.9722    0.9859        36
           8     0.9636    0.8030    0.8760        66
           9     0.9241    0.9481    0.9359        77

    accuracy                         0.9121       580
   macro avg     0.9080    0.9056    0.9042       580
weighted avg     0.9141    0.9121    0.9108       580

tensor(0.0148, grad_fn=<MeanBackward0>)
Accuracy: 91.03%
              precision    recall  f1-score   support

           0     0.7931    0.9020    0.8440        51
           1     0.9079    0.9583    0.9324        72
           2     0.7200    0.9730    0.8276        37
           3     0.9737    0.9737    0.9737        76
           4     0.8788    0.6744    0.7632        43
           5     0.9028    0.9559    0.9286        68
           6     0.9600    0.8889    0.9231        54
           7     1.0000    0.9722    0.9859        36
           8     0.9474    0.8182    0.8780        66
           9     0.9863    0.9351    0.9600        77

    accuracy                         0.9103       580
   macro avg     0.9070    0.9052    0.9017       580
weighted avg     0.9171    0.9103    0.9103       580

tensor(0.0135, grad_fn=<MeanBackward0>)
Accuracy: 90.86%
              precision    recall  f1-score   support

           0     0.7818    0.8431    0.8113        51
           1     0.9315    0.9444    0.9379        72
           2     0.8140    0.9459    0.8750        37
           3     0.9620    1.0000    0.9806        76
           4     0.8056    0.6744    0.7342        43
           5     0.8904    0.9559    0.9220        68
           6     0.9615    0.9259    0.9434        54
           7     1.0000    0.9722    0.9859        36
           8     0.9474    0.8182    0.8780        66
           9     0.9351    0.9351    0.9351        77

    accuracy                         0.9086       580
   macro avg     0.9029    0.9015    0.9003       580
weighted avg     0.9100    0.9086    0.9077       580

tensor(0.0114, grad_fn=<MeanBackward0>)
Accuracy: 91.03%
              precision    recall  f1-score   support

           0     0.8000    0.8627    0.8302        51
           1     0.9189    0.9444    0.9315        72
           2     0.8333    0.9459    0.8861        37
           3     0.9500    1.0000    0.9744        76
           4     0.8286    0.6744    0.7436        43
           5     0.8800    0.9706    0.9231        68
           6     0.9796    0.8889    0.9320        54
           7     1.0000    0.9722    0.9859        36
           8     0.9474    0.8182    0.8780        66
           9     0.9359    0.9481    0.9419        77

    accuracy                         0.9103       580
   macro avg     0.9074    0.9025    0.9027       580
weighted avg     0.9120    0.9103    0.9091       580

tensor(0.0102, grad_fn=<MeanBackward0>)
Accuracy: 90.52%
              precision    recall  f1-score   support

           0     0.7925    0.8235    0.8077        51
           1     0.8974    0.9722    0.9333        72
           2     0.8537    0.9459    0.8974        37
           3     0.9500    1.0000    0.9744        76
           4     0.7838    0.6744    0.7250        43
           5     0.9041    0.9706    0.9362        68
           6     0.9792    0.8704    0.9216        54
           7     1.0000    0.9722    0.9859        36
           8     0.9464    0.8030    0.8689        66
           9     0.9114    0.9351    0.9231        77

    accuracy                         0.9052       580
   macro avg     0.9018    0.8967    0.8973       580
weighted avg     0.9061    0.9052    0.9037       580

tensor(0.0097, grad_fn=<MeanBackward0>)
Accuracy: 90.34%
              precision    recall  f1-score   support

           0     0.8113    0.8431    0.8269        51
           1     0.8831    0.9444    0.9128        72
           2     0.7660    0.9730    0.8571        37
           3     0.9737    0.9737    0.9737        76
           4     0.8788    0.6744    0.7632        43
           5     0.8481    0.9853    0.9116        68
           6     0.9583    0.8519    0.9020        54
           7     1.0000    0.9722    0.9859        36
           8     0.9474    0.8182    0.8780        66
           9     0.9600    0.9351    0.9474        77

    accuracy                         0.9034       580
   macro avg     0.9027    0.8971    0.8959       580
weighted avg     0.9085    0.9034    0.9026       580

tensor(0.0082, grad_fn=<MeanBackward0>)
Accuracy: 91.03%
              precision    recall  f1-score   support

           0     0.7818    0.8431    0.8113        51
           1     0.9577    0.9444    0.9510        72
           2     0.8500    0.9189    0.8831        37
           3     0.9375    0.9868    0.9615        76
           4     0.8158    0.7209    0.7654        43
           5     0.9286    0.9559    0.9420        68
           6     0.9107    0.9444    0.9273        54
           7     1.0000    0.9722    0.9859        36
           8     0.9464    0.8030    0.8689        66
           9     0.9241    0.9481    0.9359        77

    accuracy                         0.9103       580
   macro avg     0.9053    0.9038    0.9032       580
weighted avg     0.9113    0.9103    0.9096       580

tensor(0.0078, grad_fn=<MeanBackward0>)
Accuracy: 91.03%
              precision    recall  f1-score   support

           0     0.7818    0.8431    0.8113        51
           1     0.8974    0.9722    0.9333        72
           2     0.8182    0.9730    0.8889        37
           3     0.9740    0.9868    0.9804        76
           4     0.8158    0.7209    0.7654        43
           5     0.9286    0.9559    0.9420        68
           6     0.9592    0.8704    0.9126        54
           7     1.0000    0.9722    0.9859        36
           8     0.9474    0.8182    0.8780        66
           9     0.9351    0.9351    0.9351        77

    accuracy                         0.9103       580
   macro avg     0.9057    0.9048    0.9033       580
weighted avg     0.9126    0.9103    0.9098       580

tensor(0.0074, grad_fn=<MeanBackward0>)
Accuracy: 90.86%
              precision    recall  f1-score   support

           0     0.7931    0.9020    0.8440        51
           1     0.8750    0.9722    0.9211        72
           2     0.7347    0.9730    0.8372        37
           3     0.9865    0.9605    0.9733        76
           4     0.8857    0.7209    0.7949        43
           5     0.9275    0.9412    0.9343        68
           6     0.9583    0.8519    0.9020        54
           7     1.0000    1.0000    1.0000        36
           8     0.9464    0.8030    0.8689        66
           9     0.9600    0.9351    0.9474        77

    accuracy                         0.9086       580
   macro avg     0.9067    0.9060    0.9023       580
weighted avg     0.9153    0.9086    0.9087       580

tensor(0.0070, grad_fn=<MeanBackward0>)
Accuracy: 91.55%
              precision    recall  f1-score   support

           0     0.8000    0.8627    0.8302        51
           1     0.9571    0.9306    0.9437        72
           2     0.8372    0.9730    0.9000        37
           3     0.9615    0.9868    0.9740        76
           4     0.8378    0.7209    0.7750        43
           5     0.9041    0.9706    0.9362        68
           6     0.9273    0.9444    0.9358        54
           7     1.0000    0.9722    0.9859        36
           8     0.9464    0.8030    0.8689        66
           9     0.9359    0.9481    0.9419        77

    accuracy                         0.9155       580
   macro avg     0.9107    0.9112    0.9092       580
weighted avg     0.9170    0.9155    0.9146       580


tensor(0.0057, grad_fn=<MeanBackward0>)
Accuracy: 91.38%
              precision    recall  f1-score   support

           0     0.8000    0.8627    0.8302        51
           1     0.9091    0.9722    0.9396        72
           2     0.8000    0.9730    0.8780        37
           3     0.9867    0.9737    0.9801        76
           4     0.8333    0.6977    0.7595        43
           5     0.9296    0.9706    0.9496        68
           6     0.9412    0.8889    0.9143        54
           7     1.0000    1.0000    1.0000        36
           8     0.9474    0.8182    0.8780        66
           9     0.9351    0.9351    0.9351        77

    accuracy                         0.9138       580
   macro avg     0.9082    0.9092    0.9065       580
weighted avg     0.9159    0.9138    0.9130       580


进程已结束,退出代码0
