tensor(0.0801, grad_fn=<MeanBackward0>)
tensor(0.0414, grad_fn=<MeanBackward0>)
Accuracy: 90.00%
              precision    recall  f1-score   support

           0     0.7333    0.8627    0.7928        51
           1     0.9091    0.9722    0.9396        72
           2     0.8421    0.8649    0.8533        37
           3     0.9375    0.9868    0.9615        76
           4     0.8108    0.6977    0.7500        43
           5     0.9524    0.8824    0.9160        68
           6     0.9592    0.8704    0.9126        54
           7     0.9730    1.0000    0.9863        36
           8     0.9815    0.8030    0.8833        66
           9     0.8824    0.9740    0.9259        77

    accuracy                         0.9000       580
   macro avg     0.8981    0.8914    0.8921       580
weighted avg     0.9042    0.9000    0.8994       580

tensor(0.0210, grad_fn=<MeanBackward0>)
Accuracy: 90.52%
              precision    recall  f1-score   support

           0     0.7581    0.9216    0.8319        51
           1     0.9091    0.9722    0.9396        72
           2     0.8205    0.8649    0.8421        37
           3     0.9375    0.9868    0.9615        76
           4     0.9333    0.6512    0.7671        43
           5     0.9275    0.9412    0.9343        68
           6     0.9412    0.8889    0.9143        54
           7     1.0000    0.9722    0.9859        36
           8     0.9811    0.7879    0.8739        66
           9     0.8810    0.9610    0.9193        77

    accuracy                         0.9052       580
   macro avg     0.9089    0.8948    0.8970       580
weighted avg     0.9109    0.9052    0.9037       580

tensor(0.0108, grad_fn=<MeanBackward0>)
Accuracy: 90.34%
              precision    recall  f1-score   support

           0     0.7895    0.8824    0.8333        51
           1     0.9444    0.9444    0.9444        72
           2     0.8049    0.8919    0.8462        37
           3     0.9615    0.9868    0.9740        76
           4     0.8286    0.6744    0.7436        43
           5     0.9275    0.9412    0.9343        68
           6     0.8947    0.9444    0.9189        54
           7     1.0000    0.9722    0.9859        36
           8     0.9455    0.7879    0.8595        66
           9     0.8889    0.9351    0.9114        77

    accuracy                         0.9034       580
   macro avg     0.8986    0.8961    0.8952       580
weighted avg     0.9051    0.9034    0.9023       580

tensor(0.0064, grad_fn=<MeanBackward0>)
Accuracy: 90.34%
              precision    recall  f1-score   support

           0     0.8367    0.8039    0.8200        51
           1     0.9452    0.9583    0.9517        72
           2     0.7857    0.8919    0.8354        37
           3     0.9610    0.9737    0.9673        76
           4     0.7750    0.7209    0.7470        43
           5     0.9041    0.9706    0.9362        68
           6     0.9259    0.9259    0.9259        54
           7     1.0000    0.9722    0.9859        36
           8     0.9455    0.7879    0.8595        66
           9     0.8902    0.9481    0.9182        77

    accuracy                         0.9034       580
   macro avg     0.8969    0.8953    0.8947       580
weighted avg     0.9045    0.9034    0.9025       580

tensor(0.0046, grad_fn=<MeanBackward0>)
Accuracy: 90.52%
              precision    recall  f1-score   support

           0     0.8039    0.8039    0.8039        51
           1     0.9211    0.9722    0.9459        72
           2     0.7556    0.9189    0.8293        37
           3     0.9740    0.9868    0.9804        76
           4     0.7619    0.7442    0.7529        43
           5     0.9559    0.9559    0.9559        68
           6     0.9231    0.8889    0.9057        54
           7     1.0000    0.9722    0.9859        36
           8     0.9455    0.7879    0.8595        66
           9     0.9241    0.9481    0.9359        77

    accuracy                         0.9052       580
   macro avg     0.8965    0.8979    0.8955       580
weighted avg     0.9077    0.9052    0.9049       580

tensor(0.0039, grad_fn=<MeanBackward0>)
Accuracy: 90.52%
              precision    recall  f1-score   support

           0     0.8367    0.8039    0.8200        51
           1     0.9221    0.9861    0.9530        72
           2     0.8205    0.8649    0.8421        37
           3     0.9615    0.9868    0.9740        76
           4     0.7750    0.7209    0.7470        43
           5     0.8919    0.9706    0.9296        68
           6     0.9231    0.8889    0.9057        54
           7     1.0000    0.9722    0.9859        36
           8     0.9298    0.8030    0.8618        66
           9     0.9241    0.9481    0.9359        77

    accuracy                         0.9052       580
   macro avg     0.8985    0.8945    0.8955       580
weighted avg     0.9049    0.9052    0.9040       580

tensor(0.0031, grad_fn=<MeanBackward0>)
Accuracy: 90.52%
              precision    recall  f1-score   support

           0     0.8667    0.7647    0.8125        51
           1     0.9200    0.9583    0.9388        72
           2     0.8250    0.8919    0.8571        37
           3     0.9615    0.9868    0.9740        76
           4     0.7442    0.7442    0.7442        43
           5     0.8919    0.9706    0.9296        68
           6     0.9412    0.8889    0.9143        54
           7     1.0000    0.9722    0.9859        36
           8     0.9167    0.8333    0.8730        66
           9     0.9241    0.9481    0.9359        77

    accuracy                         0.9052       580
   macro avg     0.8991    0.8959    0.8965       580
weighted avg     0.9055    0.9052    0.9044       580

tensor(0.0034, grad_fn=<MeanBackward0>)
Accuracy: 90.34%
              precision    recall  f1-score   support

           0     0.8478    0.7647    0.8041        51
           1     0.9200    0.9583    0.9388        72
           2     0.8049    0.8919    0.8462        37
           3     0.9615    0.9868    0.9740        76
           4     0.7333    0.7674    0.7500        43
           5     0.9167    0.9706    0.9429        68
           6     0.9412    0.8889    0.9143        54
           7     1.0000    0.9722    0.9859        36
           8     0.9464    0.8030    0.8689        66
           9     0.9012    0.9481    0.9241        77

    accuracy                         0.9034       580
   macro avg     0.8973    0.8952    0.8949       580
weighted avg     0.9050    0.9034    0.9029       580

tensor(0.0030, grad_fn=<MeanBackward0>)
Accuracy: 90.17%
              precision    recall  f1-score   support

           0     0.7925    0.8235    0.8077        51
           1     0.9452    0.9583    0.9517        72
           2     0.8378    0.8378    0.8378        37
           3     0.9494    0.9868    0.9677        76
           4     0.7838    0.6744    0.7250        43
           5     0.9041    0.9706    0.9362        68
           6     0.9434    0.9259    0.9346        54
           7     1.0000    0.9722    0.9859        36
           8     0.9138    0.8030    0.8548        66
           9     0.8902    0.9481    0.9182        77

    accuracy                         0.9017       580
   macro avg     0.8960    0.8901    0.8920       580
weighted avg     0.9010    0.9017    0.9003       580

tensor(0.0027, grad_fn=<MeanBackward0>)
Accuracy: 90.86%
              precision    recall  f1-score   support

           0     0.8113    0.8431    0.8269        51
           1     0.9452    0.9583    0.9517        72
           2     0.8049    0.8919    0.8462        37
           3     0.9615    0.9868    0.9740        76
           4     0.8333    0.6977    0.7595        43
           5     0.8919    0.9706    0.9296        68
           6     0.9434    0.9259    0.9346        54
           7     1.0000    0.9722    0.9859        36
           8     0.9464    0.8030    0.8689        66
           9     0.9012    0.9481    0.9241        77

    accuracy                         0.9086       580
   macro avg     0.9039    0.8998    0.9001       580
weighted avg     0.9096    0.9086    0.9075       580

tensor(0.0022, grad_fn=<MeanBackward0>)
Accuracy: 91.38%
              precision    recall  f1-score   support

           0     0.8148    0.8627    0.8381        51
           1     0.9211    0.9722    0.9459        72
           2     0.8293    0.9189    0.8718        37
           3     0.9740    0.9868    0.9804        76
           4     0.8158    0.7209    0.7654        43
           5     0.9429    0.9706    0.9565        68
           6     0.9412    0.8889    0.9143        54
           7     1.0000    0.9722    0.9859        36
           8     0.9474    0.8182    0.8780        66
           9     0.9012    0.9481    0.9241        77

    accuracy                         0.9138       580
   macro avg     0.9088    0.9060    0.9060       580
weighted avg     0.9147    0.9138    0.9130       580

tensor(0.0020, grad_fn=<MeanBackward0>)
Accuracy: 91.03%
              precision    recall  f1-score   support

           0     0.8148    0.8627    0.8381        51
           1     0.9200    0.9583    0.9388        72
           2     0.8250    0.8919    0.8571        37
           3     0.9615    0.9868    0.9740        76
           4     0.8158    0.7209    0.7654        43
           5     0.9296    0.9706    0.9496        68
           6     0.9412    0.8889    0.9143        54
           7     1.0000    0.9722    0.9859        36
           8     0.9153    0.8182    0.8640        66
           9     0.9241    0.9481    0.9359        77

    accuracy                         0.9103       580
   macro avg     0.9047    0.9019    0.9023       580
weighted avg     0.9105    0.9103    0.9095       580

tensor(0.0023, grad_fn=<MeanBackward0>)
Accuracy: 90.86%
              precision    recall  f1-score   support

           0     0.8148    0.8627    0.8381        51
           1     0.9571    0.9306    0.9437        72
           2     0.8421    0.8649    0.8533        37
           3     0.9375    0.9868    0.9615        76
           4     0.8158    0.7209    0.7654        43
           5     0.9296    0.9706    0.9496        68
           6     0.8644    0.9444    0.9027        54
           7     1.0000    0.9722    0.9859        36
           8     0.9464    0.8030    0.8689        66
           9     0.9241    0.9481    0.9359        77

    accuracy                         0.9086       580
   macro avg     0.9032    0.9004    0.9005       580
weighted avg     0.9094    0.9086    0.9077       580

tensor(0.0022, grad_fn=<MeanBackward0>)
Accuracy: 91.03%
              precision    recall  f1-score   support

           0     0.8200    0.8039    0.8119        51
           1     0.9444    0.9444    0.9444        72
           2     0.8462    0.8919    0.8684        37
           3     0.9494    0.9868    0.9677        76
           4     0.8000    0.7442    0.7711        43
           5     0.9178    0.9853    0.9504        68
           6     0.9259    0.9259    0.9259        54
           7     1.0000    0.9722    0.9859        36
           8     0.9474    0.8182    0.8780        66
           9     0.9012    0.9481    0.9241        77

    accuracy                         0.9103       580
   macro avg     0.9052    0.9021    0.9028       580
weighted avg     0.9104    0.9103    0.9094       580

tensor(0.0023, grad_fn=<MeanBackward0>)
Accuracy: 91.38%
              precision    recall  f1-score   support

           0     0.8235    0.8235    0.8235        51
           1     0.9444    0.9444    0.9444        72
           2     0.8293    0.9189    0.8718        37
           3     0.9740    0.9868    0.9804        76
           4     0.8205    0.7442    0.7805        43
           5     0.9178    0.9853    0.9504        68
           6     0.9259    0.9259    0.9259        54
           7     1.0000    0.9722    0.9859        36
           8     0.9474    0.8182    0.8780        66
           9     0.9012    0.9481    0.9241        77

    accuracy                         0.9138       580
   macro avg     0.9084    0.9068    0.9065       580
weighted avg     0.9144    0.9138    0.9130       580

tensor(0.0020, grad_fn=<MeanBackward0>)
Accuracy: 91.03%
              precision    recall  f1-score   support

           0     0.8235    0.8235    0.8235        51
           1     0.9577    0.9444    0.9510        72
           2     0.8421    0.8649    0.8533        37
           3     0.9494    0.9868    0.9677        76
           4     0.7805    0.7442    0.7619        43
           5     0.9296    0.9706    0.9496        68
           6     0.9273    0.9444    0.9358        54
           7     1.0000    0.9722    0.9859        36
           8     0.9000    0.8182    0.8571        66
           9     0.9241    0.9481    0.9359        77

    accuracy                         0.9103       580
   macro avg     0.9034    0.9017    0.9022       580
weighted avg     0.9098    0.9103    0.9096       580


进程已结束,退出代码0
