Accuracy: 87.24%
              precision    recall  f1-score   support

           0     0.8108    0.5882    0.6818        51
           1     0.9459    0.9722    0.9589        72
           2     0.7391    0.9189    0.8193        37
           3     0.9865    0.9605    0.9733        76
           4     0.5294    0.8372    0.6486        43
           5     0.9474    0.7941    0.8640        68
           6     0.9608    0.9074    0.9333        54
           7     1.0000    1.0000    1.0000        36
           8     0.9615    0.7576    0.8475        66
           9     0.8706    0.9610    0.9136        77

    accuracy                         0.8724       580
   macro avg     0.8752    0.8697    0.8640       580
weighted avg     0.8920    0.8724    0.8749       580



tensor(0.0372, grad_fn=<MeanBackward0>)
tensor(0.0057, grad_fn=<MeanBackward0>)
Accuracy: 90.52%
              precision    recall  f1-score   support

           0     0.7895    0.8824    0.8333        51
           1     0.9565    0.9167    0.9362        72
           2     0.8611    0.8378    0.8493        37
           3     0.9375    0.9868    0.9615        76
           4     0.8421    0.7442    0.7901        43
           5     0.9403    0.9265    0.9333        68
           6     0.8947    0.9444    0.9189        54
           7     1.0000    0.9722    0.9859        36
           8     0.9167    0.8333    0.8730        66
           9     0.8889    0.9351    0.9114        77

    accuracy                         0.9052       580
   macro avg     0.9027    0.8979    0.8993       580
weighted avg     0.9063    0.9052    0.9048       580

tensor(0.0028, grad_fn=<MeanBackward0>)
Accuracy: 90.69%
              precision    recall  f1-score   support

           0     0.7719    0.8627    0.8148        51
           1     0.9565    0.9167    0.9362        72
           2     0.8649    0.8649    0.8649        37
           3     0.9494    0.9868    0.9677        76
           4     0.8158    0.7209    0.7654        43
           5     0.9403    0.9265    0.9333        68
           6     0.8947    0.9444    0.9189        54
           7     1.0000    0.9722    0.9859        36
           8     0.9194    0.8636    0.8906        66
           9     0.9114    0.9351    0.9231        77

    accuracy                         0.9069       580
   macro avg     0.9024    0.8994    0.9001       580
weighted avg     0.9079    0.9069    0.9067       580

tensor(0.0017, grad_fn=<MeanBackward0>)
Accuracy: 90.86%
              precision    recall  f1-score   support

           0     0.7719    0.8627    0.8148        51
           1     0.9706    0.9167    0.9429        72
           2     0.8649    0.8649    0.8649        37
           3     0.9494    0.9868    0.9677        76
           4     0.8158    0.7209    0.7654        43
           5     0.9403    0.9265    0.9333        68
           6     0.9123    0.9630    0.9369        54
           7     1.0000    0.9722    0.9859        36
           8     0.8889    0.8485    0.8682        66
           9     0.9241    0.9481    0.9359        77

    accuracy                         0.9086       580
   macro avg     0.9038    0.9010    0.9016       580
weighted avg     0.9095    0.9086    0.9083       580

tensor(0.0012, grad_fn=<MeanBackward0>)
Accuracy: 90.86%
              precision    recall  f1-score   support

           0     0.7719    0.8627    0.8148        51
           1     0.9571    0.9306    0.9437        72
           2     0.8649    0.8649    0.8649        37
           3     0.9494    0.9868    0.9677        76
           4     0.8158    0.7209    0.7654        43
           5     0.9403    0.9265    0.9333        68
           6     0.9273    0.9444    0.9358        54
           7     1.0000    0.9722    0.9859        36
           8     0.8889    0.8485    0.8682        66
           9     0.9241    0.9481    0.9359        77

    accuracy                         0.9086       580
   macro avg     0.9040    0.9006    0.9016       580
weighted avg     0.9092    0.9086    0.9083       580

tensor(0.0009, grad_fn=<MeanBackward0>)
Accuracy: 91.03%
              precision    recall  f1-score   support

           0     0.7719    0.8627    0.8148        51
           1     0.9571    0.9306    0.9437        72
           2     0.8462    0.8919    0.8684        37
           3     0.9740    0.9868    0.9804        76
           4     0.8158    0.7209    0.7654        43
           5     0.9403    0.9265    0.9333        68
           6     0.9273    0.9444    0.9358        54
           7     1.0000    1.0000    1.0000        36
           8     0.9167    0.8333    0.8730        66
           9     0.9012    0.9481    0.9241        77

    accuracy                         0.9103       580
   macro avg     0.9051    0.9045    0.9039       580
weighted avg     0.9114    0.9103    0.9100       580

tensor(0.0008, grad_fn=<MeanBackward0>)
Accuracy: 90.86%
              precision    recall  f1-score   support

           0     0.7719    0.8627    0.8148        51
           1     0.9571    0.9306    0.9437        72
           2     0.8250    0.8919    0.8571        37
           3     0.9740    0.9868    0.9804        76
           4     0.8158    0.7209    0.7654        43
           5     0.9403    0.9265    0.9333        68
           6     0.9273    0.9444    0.9358        54
           7     1.0000    0.9722    0.9859        36
           8     0.8871    0.8333    0.8594        66
           9     0.9241    0.9481    0.9359        77

    accuracy                         0.9086       580
   macro avg     0.9023    0.9017    0.9012       580
weighted avg     0.9097    0.9086    0.9085       580

tensor(0.0006, grad_fn=<MeanBackward0>)
Accuracy: 90.69%
              precision    recall  f1-score   support

           0     0.7719    0.8627    0.8148        51
           1     0.9565    0.9167    0.9362        72
           2     0.8250    0.8919    0.8571        37
           3     0.9740    0.9868    0.9804        76
           4     0.8158    0.7209    0.7654        43
           5     0.9265    0.9265    0.9265        68
           6     0.9273    0.9444    0.9358        54
           7     1.0000    0.9722    0.9859        36
           8     0.9167    0.8333    0.8730        66
           9     0.9012    0.9481    0.9241        77

    accuracy                         0.9069       580
   macro avg     0.9015    0.9004    0.8999       580
weighted avg     0.9083    0.9069    0.9067       580

tensor(0.0005, grad_fn=<MeanBackward0>)
Accuracy: 90.69%
              precision    recall  f1-score   support

           0     0.7719    0.8627    0.8148        51
           1     0.9565    0.9167    0.9362        72
           2     0.8250    0.8919    0.8571        37
           3     0.9740    0.9868    0.9804        76
           4     0.8158    0.7209    0.7654        43
           5     0.9265    0.9265    0.9265        68
           6     0.9273    0.9444    0.9358        54
           7     1.0000    0.9722    0.9859        36
           8     0.8871    0.8333    0.8594        66
           9     0.9241    0.9481    0.9359        77

    accuracy                         0.9069       580
   macro avg     0.9008    0.9004    0.8997       580
weighted avg     0.9080    0.9069    0.9067       580

tensor(0.0006, grad_fn=<MeanBackward0>)
Accuracy: 91.03%
              precision    recall  f1-score   support

           0     0.8000    0.8627    0.8302        51
           1     0.9565    0.9167    0.9362        72
           2     0.8250    0.8919    0.8571        37
           3     0.9740    0.9868    0.9804        76
           4     0.8108    0.6977    0.7500        43
           5     0.9296    0.9706    0.9496        68
           6     0.9273    0.9444    0.9358        54
           7     1.0000    0.9722    0.9859        36
           8     0.8871    0.8333    0.8594        66
           9     0.9241    0.9481    0.9359        77

    accuracy                         0.9103       580
   macro avg     0.9034    0.9024    0.9021       580
weighted avg     0.9105    0.9103    0.9097       580

tensor(0.0005, grad_fn=<MeanBackward0>)
Accuracy: 91.55%
              precision    recall  f1-score   support

           0     0.8148    0.8627    0.8381        51
           1     0.9565    0.9167    0.9362        72
           2     0.8250    0.8919    0.8571        37
           3     0.9740    0.9868    0.9804        76
           4     0.8378    0.7209    0.7750        43
           5     0.9306    0.9853    0.9571        68
           6     0.9444    0.9444    0.9444        54
           7     1.0000    0.9722    0.9859        36
           8     0.8871    0.8333    0.8594        66
           9     0.9250    0.9610    0.9427        77

    accuracy                         0.9155       580
   macro avg     0.9095    0.9075    0.9076       580
weighted avg     0.9156    0.9155    0.9148       580

tensor(0.0005, grad_fn=<MeanBackward0>)
Accuracy: 90.86%
              precision    recall  f1-score   support

           0     0.7719    0.8627    0.8148        51
           1     0.9565    0.9167    0.9362        72
           2     0.8462    0.8919    0.8684        37
           3     0.9615    0.9868    0.9740        76
           4     0.8158    0.7209    0.7654        43
           5     0.9265    0.9265    0.9265        68
           6     0.9444    0.9444    0.9444        54
           7     1.0000    0.9722    0.9859        36
           8     0.8871    0.8333    0.8594        66
           9     0.9250    0.9610    0.9427        77

    accuracy                         0.9086       580
   macro avg     0.9035    0.9017    0.9018       580
weighted avg     0.9094    0.9086    0.9083       580

tensor(0.0004, grad_fn=<MeanBackward0>)
Accuracy: 91.55%
              precision    recall  f1-score   support

           0     0.8036    0.8824    0.8411        51
           1     0.9571    0.9306    0.9437        72
           2     0.8250    0.8919    0.8571        37
           3     0.9867    0.9737    0.9801        76
           4     0.8333    0.6977    0.7595        43
           5     0.9429    0.9706    0.9565        68
           6     0.9444    0.9444    0.9444        54
           7     1.0000    1.0000    1.0000        36
           8     0.8730    0.8333    0.8527        66
           9     0.9250    0.9610    0.9427        77

    accuracy                         0.9155       580
   macro avg     0.9091    0.9086    0.9078       580
weighted avg     0.9159    0.9155    0.9148       580

tensor(0.0004, grad_fn=<MeanBackward0>)
Accuracy: 92.07%
              precision    recall  f1-score   support

           0     0.8182    0.8824    0.8491        51
           1     0.9565    0.9167    0.9362        72
           2     0.8293    0.9189    0.8718        37
           3     0.9868    0.9868    0.9868        76
           4     0.8611    0.7209    0.7848        43
           5     0.9306    0.9853    0.9571        68
           6     0.9444    0.9444    0.9444        54
           7     1.0000    1.0000    1.0000        36
           8     0.9322    0.8333    0.8800        66
           9     0.9024    0.9610    0.9308        77

    accuracy                         0.9207       580
   macro avg     0.9162    0.9150    0.9141       580
weighted avg     0.9217    0.9207    0.9199       580

tensor(0.0003, grad_fn=<MeanBackward0>)
Accuracy: 90.86%
              precision    recall  f1-score   support

           0     0.7719    0.8627    0.8148        51
           1     0.9565    0.9167    0.9362        72
           2     0.8250    0.8919    0.8571        37
           3     0.9740    0.9868    0.9804        76
           4     0.8158    0.7209    0.7654        43
           5     0.9265    0.9265    0.9265        68
           6     0.9444    0.9444    0.9444        54
           7     1.0000    0.9722    0.9859        36
           8     0.8871    0.8333    0.8594        66
           9     0.9250    0.9610    0.9427        77

    accuracy                         0.9086       580
   macro avg     0.9026    0.9017    0.9013       580
weighted avg     0.9097    0.9086    0.9084       580

tensor(0.0004, grad_fn=<MeanBackward0>)
Accuracy: 90.86%
              precision    recall  f1-score   support

           0     0.8000    0.8627    0.8302        51
           1     0.9571    0.9306    0.9437        72
           2     0.8250    0.8919    0.8571        37
           3     0.9737    0.9737    0.9737        76
           4     0.7949    0.7209    0.7561        43
           5     0.9275    0.9412    0.9343        68
           6     0.9444    0.9444    0.9444        54
           7     1.0000    0.9722    0.9859        36
           8     0.8710    0.8182    0.8438        66
           9     0.9250    0.9610    0.9427        77

    accuracy                         0.9086       580
   macro avg     0.9019    0.9017    0.9012       580
weighted avg     0.9090    0.9086    0.9083       580

tensor(0.0004, grad_fn=<MeanBackward0>)
Accuracy: 90.69%
              precision    recall  f1-score   support

           0     0.7857    0.8627    0.8224        51
           1     0.9565    0.9167    0.9362        72
           2     0.8250    0.8919    0.8571        37
           3     0.9740    0.9868    0.9804        76
           4     0.7949    0.7209    0.7561        43
           5     0.9130    0.9265    0.9197        68
           6     0.9444    0.9444    0.9444        54
           7     1.0000    0.9722    0.9859        36
           8     0.8852    0.8182    0.8504        66
           9     0.9250    0.9610    0.9427        77

    accuracy                         0.9069       580
   macro avg     0.9004    0.9001    0.8995       580
weighted avg     0.9076    0.9069    0.9066       580

tensor(0.0003, grad_fn=<MeanBackward0>)
Accuracy: 91.03%
              precision    recall  f1-score   support

           0     0.7857    0.8627    0.8224        51
           1     0.9571    0.9306    0.9437        72
           2     0.8250    0.8919    0.8571        37
           3     0.9868    0.9868    0.9868        76
           4     0.7949    0.7209    0.7561        43
           5     0.9265    0.9265    0.9265        68
           6     0.9444    0.9444    0.9444        54
           7     1.0000    1.0000    1.0000        36
           8     0.8852    0.8182    0.8504        66
           9     0.9250    0.9610    0.9427        77

    accuracy                         0.9103       580
   macro avg     0.9031    0.9043    0.9030       580
weighted avg     0.9109    0.9103    0.9100       580

tensor(0.0003, grad_fn=<MeanBackward0>)
Accuracy: 90.86%
              precision    recall  f1-score   support

           0     0.7500    0.8824    0.8108        51
           1     0.9571    0.9306    0.9437        72
           2     0.8293    0.9189    0.8718        37
           3     0.9740    0.9868    0.9804        76
           4     0.8286    0.6744    0.7436        43
           5     0.9265    0.9265    0.9265        68
           6     0.9444    0.9444    0.9444        54
           7     1.0000    0.9722    0.9859        36
           8     0.9310    0.8182    0.8710        66
           9     0.9024    0.9610    0.9308        77

    accuracy                         0.9086       580
   macro avg     0.9043    0.9015    0.9009       580
weighted avg     0.9111    0.9086    0.9081       580

tensor(0.0003, grad_fn=<MeanBackward0>)
Accuracy: 90.52%
              precision    recall  f1-score   support

           0     0.7818    0.8431    0.8113        51
           1     0.9565    0.9167    0.9362        72
           2     0.8250    0.8919    0.8571        37
           3     0.9867    0.9737    0.9801        76
           4     0.7750    0.7209    0.7470        43
           5     0.9130    0.9265    0.9197        68
           6     0.9444    0.9444    0.9444        54
           7     1.0000    1.0000    1.0000        36
           8     0.8710    0.8182    0.8438        66
           9     0.9250    0.9610    0.9427        77

    accuracy                         0.9052       580
   macro avg     0.8978    0.8996    0.8982       580
weighted avg     0.9058    0.9052    0.9050       580


进程已结束,退出代码0
